0 0.3762057877813505 0.32419659735349715 0.6302250803858521 0.6294896030245747

0 0.41060830860534125 0.6228971962616823 0.5333827893175075 0.7149532710280374

0 0.5896607431340872 0.5103969754253308 0.5751211631663975 0.9678638941398866

0 0.8906752411575563 0.36079545454545453 0.21864951768488747 0.5625
0 0.6157556270096463 0.20928030303030304 0.17363344051446944 0.14962121212121213
0 0.997588424437299 0.4128787878787879 0.00482315112540193 0.2537878787878788

0 0.626418152350081 0.5009469696969697 0.306320907617504 0.4185606060606061

0 0.8027156549520766 0.4460694698354662 0.3945686900958466 0.6837294332723949

0 0.4500805152979066 0.6783018867924528 0.1819645732689211 0.2811320754716981

0 0.4625205930807249 0.32679097154072617 0.27759472817133446 0.3042198233562316
0 0.4110378912685338 0.7585868498527968 0.32784184514003295 0.39646712463199213

0 0.6237942122186495 0.6047169811320755 0.5948553054662379 0.7754716981132076

0 0.30032733224222585 0.6433962264150943 0.6006546644844517 0.7132075471698113

0 0.7204472843450479 0.5686813186813187 0.5047923322683706 0.8076923076923077

0 0.4185303514376997 0.2952468007312614 0.25559105431309903 0.2870201096892139

0 0.35691318327974275 0.3229755178907721 0.2508038585209003 0.27306967984934083

0 0.5527156549520766 0.7197802197802198 0.3514376996805112 0.47619047619047616

0 0.7712680577849117 0.2599243856332703 0.4317817014446228 0.4669187145557656

0 0.1760450160771704 0.3879472693032015 0.3520900321543408 0.4331450094161958

0 0.7909967845659164 0.4030131826741996 0.16720257234726688 0.2184557438794727

0 0.7857142857142857 0.684981684981685 0.38916256157635465 0.4652014652014652

0 0.3954983922829582 0.16132075471698112 0.3311897106109325 0.29245283018867924

0 0.375 0.5310786106032906 0.6532258064516129 0.7257769652650823

0 0.617003367003367 0.35511363636363635 0.5841750841750841 0.7102272727272727
0 0.7079124579124578 0.000946969696969697 0.21717171717171715 0.001893939393939394

0 0.4057507987220447 0.4753199268738574 0.23003194888178913 0.2230347349177331

0 0.7596153846153846 0.29395604395604397 0.41666666666666663 0.45604395604395603

0 0.22767075306479861 0.19716981132075473 0.1576182136602452 0.1641509433962264

0 0.6133056133056134 0.5471698113207547 0.2079002079002079 0.2981132075471698

0 0.6006389776357828 0.5521978021978022 0.389776357827476 0.4230769230769231

0 0.6830357142857143 0.6606805293005671 0.4375 0.42911153119092627

0 0.4696485623003195 0.3555758683729433 0.7603833865814696 0.6672760511882998

0 0.5591054313099041 0.2577696526508227 0.29073482428115016 0.48628884826325414

0 0.49669421487603305 0.6205882352941177 0.6859504132231404 0.7588235294117647

0 0.5077071290944123 0.5547945205479452 0.9691714836223506 0.8864970645792563

0 0.6607717041800643 0.4548022598870056 0.1157556270096463 0.14500941619585686

0 0.3102893890675241 0.42140151515151514 0.5401929260450161 0.8428030303030303

0 0.6511254019292605 0.6625708884688091 0.24115755627009647 0.30434782608695654

0 0.5991666666666667 0.7088846880907372 0.385 0.389413988657845

0 0.7684887459807074 0.5655577299412915 0.2990353697749196 0.43052837573385516
0 0.5329581993569131 0.8718199608610567 0.2877813504823151 0.2446183953033268

0 0.23333333333333334 0.5687382297551788 0.4666666666666667 0.44821092278719393

0 0.45718901453958 0.4024621212121212 0.41033925686591277 0.34280303030303033

0 0.7571884984025559 0.3882783882783883 0.3801916932907348 0.3516483516483516

0 0.8008130081300813 0.7121212121212122 0.12195121951219512 0.21212121212121213

0 0.5249597423510467 0.7670454545454546 0.35104669887278583 0.27651515151515155

0 0.6390675241157556 0.3572778827977316 0.30064308681672025 0.4763705103969754

0 0.6712218649517685 0.4844606946983547 0.2170418006430868 0.16453382084095064

0 0.5686900958466453 0.7102376599634369 0.30990415335463256 0.35648994515539306

0 0.4333868378812199 0.32670454545454547 0.33386837881219905 0.6534090909090909

0 0.5015974440894568 0.41483516483516486 0.2108626198083067 0.29853479853479853

0 0.7869774919614148 0.57909604519774 0.3778135048231511 0.3069679849340866

0 0.6029654036243822 0.3594339622641509 0.5271828665568369 0.6622641509433962

0 0.49736842105263157 0.529245283018868 0.24035087719298245 0.2509433962264151

0 0.5087859424920128 0.16666666666666666 0.6277955271565495 0.3333333333333333

0 0.597444089456869 0.51007326007326 0.26517571884984026 0.29120879120879123

0 0.49533582089552236 0.2632075471698113 0.6212686567164178 0.5264150943396226

0 0.49196141479099675 0.6720226843100189 0.19614147909967847 0.2741020793950851

0 0.49105691056910566 0.6975425330812854 0.2146341463414634 0.3289224952741021

0 0.6629116117850953 0.6128712871287129 0.2755632582322357 0.3306930693069307

0 0.6964856230031948 0.36654478976234006 0.389776357827476 0.5904936014625228

0 0.49512987012987014 0.7731568998109641 0.2564935064935065 0.21550094517958412

0 0.5555555555555556 0.391025641025641 0.4084967320261438 0.4597069597069597

0 0.7914653784219001 0.2806026365348399 0.09500805152979067 0.1807909604519774
0 0.6465378421900161 0.8069679849340866 0.08856682769726248 0.12994350282485875

0 0.5016077170418006 0.7664783427495292 0.2315112540192926 0.2523540489642184

0 0.6238019169329073 0.42138939670932357 0.7492012779552716 0.8281535648994516

0 0.5819935691318328 0.4395085066162571 0.3086816720257235 0.3648393194706994

0 0.7138263665594855 0.4024621212121212 0.5691318327974276 0.8049242424242424

0 0.6526315789473685 0.455743879472693 0.15087719298245614 0.2787193973634651

0 0.4261637239165329 0.8058712121212122 0.04975922953451043 0.27840909090909094

0 0.4376996805111821 0.48717948717948717 0.23322683706070285 0.358974358974359

0 0.6477272727272728 0.6306818181818182 0.21103896103896105 0.26515151515151514

0 0.7813559322033898 0.7098298676748582 0.2271186440677966 0.3837429111531191

0 0.726475279106858 0.23583180987202926 0.2503987240829346 0.3985374771480804

0 0.4683954619124797 0.43957115009746583 0.31766612641815234 0.4853801169590643

0 0.5791599353796446 0.5453686200378072 0.8126009693053312 0.9092627599243857

0 0.4134275618374558 0.7269303201506591 0.1519434628975265 0.2448210922787194

0 0.6712439418416801 0.4744058500914077 0.46365105008077545 0.6051188299817185

0 0.4274061990212072 0.6663619744058501 0.5089722675367048 0.5539305301645339

0 0.3991228070175439 0.4867924528301887 0.22280701754385965 0.24150943396226415

0 0.6471061093247589 0.41587901701323254 0.40353697749196143 0.41965973534971646

0 0.6993569131832797 0.4801512287334594 0.5241157556270096 0.7107750472589792

0 0.6538461538461539 0.6709323583180987 0.4090909090909091 0.4570383912248629

0 0.5674255691768827 0.7660377358490567 0.5359019264448336 0.4037735849056604

0 0.8673633440514469 0.6509433962264151 0.2652733118971061 0.6981132075471698

0 0.7680577849117175 0.6268939393939394 0.11396468699839486 0.13257575757575757

0 0.704983922829582 0.41382575757575757 0.30064308681672025 0.5284090909090909

0 0.3434504792332268 0.5612431444241316 0.6102236421725239 0.8775137111517367

0 0.7523961661341853 0.3985374771480804 0.4472843450479233 0.7020109689213894

0 0.7421875 0.35283363802559414 0.515625 0.676416819012797

0 0.4734726688102894 0.8471698113207548 0.30064308681672025 0.2981132075471698

0 0.5369774919614148 0.4792843691148776 0.18006430868167203 0.1902071563088512

0 0.6421052631578947 0.7551789077212806 0.3543859649122807 0.32015065913371

0 0.6763157894736842 0.6593090211132437 0.5526315789473685 0.6813819577735124

0 0.7259786476868327 0.4741035856573705 0.4306049822064057 0.44621513944223107

0 0.893719806763285 0.5236742424242424 0.21256038647342995 0.4943181818181818

0 0.4646302250803859 0.4857954545454546 0.2572347266881029 0.5321969696969697

0 0.5836267605633803 0.6502835538752363 0.3609154929577465 0.3629489603024575

0 0.5249597423510467 0.5132325141776938 0.537842190016103 0.5463137996219282

0 0.26003210272873195 0.5748106060606061 0.40770465489566615 0.3806818181818182

0 0.37861736334405144 0.4128787878787879 0.2717041800643087 0.44696969696969696

0 0.5895238095238096 0.7090395480225988 0.3676190476190476 0.4011299435028248

0 0.5314049586776859 0.558601134215501 0.22644628099173553 0.277882797731569

0 0.6141396933560477 0.6396226415094339 0.7614991482112436 0.720754716981132

0 0.7244897959183674 0.3926553672316384 0.45306122448979597 0.3973634651600753

0 0.5394045534150613 0.6101694915254237 0.4308231173380035 0.5310734463276836

0 0.2314540059347181 0.42336448598130844 0.28338278931750743 0.3682242990654206

0 0.703125 0.5207547169811321 0.20833333333333331 0.2830188679245283

0 0.45169082125603865 0.5103773584905661 0.11755233494363929 0.1490566037735849
0 0.7262479871175523 0.8113207547169812 0.07407407407407407 0.1471698113207547

0 0.28421052631578947 0.3481132075471698 0.3929824561403509 0.5188679245283019

0 0.7355305466237942 0.5141776937618148 0.34565916398713825 0.5368620037807184

0 0.5921926910299004 0.7083333333333334 0.35714285714285715 0.5606060606060607

0 0.45180722891566266 0.46406570841889117 0.9036144578313253 0.7761806981519508

0 0.567699836867863 0.3610586011342155 0.1402936378466558 0.15500945179584122

0 0.5024154589371981 0.5169811320754717 0.4573268921095008 0.5547169811320755

0 0.6258333333333334 0.4668560606060606 0.2783333333333334 0.46022727272727276

0 0.43394648829431437 0.635593220338983 0.6438127090301003 0.7288135593220338

0 0.44301765650080255 0.6016483516483516 0.3723916532905297 0.5439560439560439

0 0.6061093247588424 0.7551789077212806 0.5627009646302251 0.4595103578154425

0 0.7326892109500805 0.6005747126436781 0.5088566827697263 0.7988505747126436

0 0.426517571884984 0.4990842490842491 0.853035143769968 0.9981684981684982

0 0.46191247974068067 0.5839622641509434 0.3241491085899514 0.2320754716981132

0 0.4330578512396694 0.6145833333333334 0.6578512396694215 0.5018939393939394

0 0.5359019264448336 0.4075471698113208 0.30823117338003503 0.2792452830188679

0 0.6672504378283712 0.6858490566037736 0.6059544658493871 0.5113207547169811

0 0.5645424836601307 0.48265895953757226 0.23366013071895425 0.302504816955684

0 0.5399673735725938 0.788135593220339 0.2838499184339315 0.29943502824858753

0 0.20535714285714288 0.43864468864468864 0.21266233766233766 0.25824175824175827

0 0.6014492753623188 0.5091407678244972 0.2753623188405797 0.40036563071297987
0 0.5233494363929146 0.8875685557586838 0.30917874396135264 0.22486288848263253

0 0.6157556270096463 0.39548022598870053 0.3408360128617363 0.4180790960451977

0 0.5552721088435374 0.46590909090909094 0.2602040816326531 0.33333333333333337

0 0.36705685618729095 0.49175824175824173 0.520066889632107 0.36813186813186816

0 0.6015228426395939 0.719281663516068 0.4314720812182741 0.5425330812854442

0 0.49912126537785584 0.49903474903474904 0.9982425307557117 0.9980694980694981

0 0.22843450479233227 0.43784277879341865 0.3258785942492013 0.44789762340036565
0 0.5039936102236422 0.9140767824497258 0.19329073482428114 0.17184643510054845

0 0.4656 0.5612431444241316 0.2368 0.27056672760511885

0 0.6517571884984026 0.7486288848263254 0.24281150159744408 0.19195612431444242

0 0.5377813504823151 0.8069679849340866 0.342443729903537 0.3860640301318267

0 0.4996290801186944 0.4995327102803738 0.9992581602373888 0.9990654205607477

0 0.5927209705372617 0.47547169811320755 0.7348353552859618 0.6339622641509434

0 0.32332155477031804 0.6113207547169811 0.5759717314487632 0.7132075471698113

0 0.6175523349436393 0.4971698113207547 0.3140096618357488 0.36415094339622645

0 0.6118210862619808 0.8007312614259597 0.6325878594249201 0.3985374771480804

0 0.3956228956228956 0.32859848484848486 0.45454545454545453 0.5321969696969697

0 0.35288966725043786 0.8182674199623352 0.36252189141856395 0.3258003766478343

0 0.41639871382636656 0.6363636363636364 0.3633440514469453 0.46590909090909094

0 0.5701013513513514 0.6975425330812854 0.30574324324324326 0.3667296786389414

0 0.41543026706231456 0.4827102803738318 0.31454005934718104 0.2457943925233645

0 0.20176848874598072 0.6524621212121212 0.21061093247588425 0.3465909090909091

0 0.5393890675241158 0.45935727788279773 0.28135048231511256 0.43856332703213613

0 0.27893890675241156 0.4075471698113208 0.30064308681672025 0.30943396226415093

0 0.6856913183279743 0.7311320754716981 0.34565916398713825 0.40943396226415096

0 0.5394045534150613 0.6242937853107344 0.87215411558669 0.751412429378531

0 0.3890675241157556 0.4499054820415879 0.28938906752411575 0.5897920604914934

0 0.682475884244373 0.6679245283018868 0.38102893890675243 0.5622641509433962

0 0.6164154103852596 0.6709323583180987 0.5527638190954774 0.5740402193784278

0 0.7587859424920127 0.5815018315018315 0.33546325878594246 0.489010989010989

0 0.48895027624309395 0.49337121212121215 0.285451197053407 0.23674242424242425

0 0.6570247933884298 0.6120527306967984 0.6429752066115703 0.7721280602636534

0 0.5165289256198348 0.41132075471698115 0.7024793388429752 0.7773584905660378

0 0.6492537313432836 0.49056603773584906 0.4195688225538972 0.3849056603773585

0 0.7258842443729904 0.6515151515151515 0.46141479099678456 0.46212121212121215

0 0.5759493670886076 0.5807860262008734 0.5232067510548523 0.5152838427947598

0 0.5888157894736842 0.36742424242424243 0.5592105263157895 0.7348484848484849

0 0.5407166123778502 0.6679245283018868 0.22475570032573292 0.1849056603773585

0 0.2844955489614243 0.35373831775700937 0.25445103857566764 0.27009345794392525

0 0.4991023339317774 0.49905303030303033 0.9982046678635548 0.9981060606060607

0 0.6366559485530546 0.5434782608695652 0.2765273311897106 0.2892249527410208

0 0.6300675675675677 0.5885122410546139 0.4594594594594595 0.5706214689265536

0 0.6236842105263158 0.2909604519774011 0.08947368421052632 0.1111111111111111

0 0.4734726688102894 0.8851224105461393 0.20096463022508038 0.2071563088512241

0 0.6057347670250897 0.5198237885462555 0.14336917562724014 0.24229074889867844
0 0.17025089605734767 0.643171806167401 0.12544802867383512 0.12775330396475773

0 0.6712218649517685 0.6299435028248588 0.5289389067524116 0.7401129943502824

0 0.36231884057971014 0.5482041587901701 0.27375201288244766 0.4688090737240076

0 0.6272141706924316 0.4621928166351607 0.18840579710144928 0.21739130434782608

0 0.6523642732049036 0.6016949152542372 0.14886164623467601 0.3935969868173258

0 0.45359848484848486 0.5151515151515151 0.21022727272727273 0.20454545454545456

0 0.38263665594855306 0.3945386064030132 0.6752411575562701 0.5743879472693032

0 0.6028938906752411 0.5556603773584906 0.7781350482315113 0.8886792452830189

0 0.4156193895870736 0.3169811320754717 0.4542190305206463 0.3886792452830189

0 0.4010752688172043 0.5304761904761904 0.25591397849462366 0.26857142857142857

0 0.6479099678456591 0.5520833333333334 0.5434083601286174 0.8958333333333334

0 0.4991961414790997 0.4952919020715631 0.9983922829581994 0.9905838041431262

0 0.5697865353037767 0.4962121212121212 0.37438423645320196 0.32954545454545453

0 0.3392282958199357 0.4007561436672968 0.4887459807073955 0.5293005671077505

0 0.4900332225913621 0.5179324894514767 0.16611295681063123 0.19198312236286919

0 0.5008038585209004 0.18173258003766476 0.3135048231511254 0.288135593220339

0 0.4472817133443163 0.33522727272727276 0.18616144975288304 0.2727272727272727

0 0.5122349102773247 0.5216981132075472 0.21859706362153344 0.24339622641509434

0 0.639871382636656 0.5653409090909091 0.38263665594855306 0.7140151515151515

0 0.22727272727272727 0.46511627906976744 0.45454545454545453 0.6088794926004228

0 0.7098070739549839 0.4056603773584906 0.3778135048231511 0.5358490566037736

0 0.656140350877193 0.5254716981132076 0.5087719298245614 0.6245283018867924

0 0.34163987138263663 0.3560606060606061 0.30385852090032156 0.4962121212121212

0 0.6376221498371336 0.391304347826087 0.4185667752442997 0.4007561436672968

0 0.4098360655737705 0.3116760828625235 0.5114754098360655 0.4764595103578154

0 0.43561872909698995 0.6609848484848485 0.14214046822742474 0.27651515151515155

0 0.4246823956442831 0.48372093023255813 0.33393829401088926 0.39069767441860465

0 0.6161347517730497 0.4146110056925996 0.5088652482269503 0.6280834914611005

0 0.2911275415896488 0.5386792452830189 0.5083179297597042 0.9

0 0.14094955489614244 0.2925233644859813 0.09198813056379822 0.14205607476635515
0 0.6001483679525222 0.8504672897196262 0.4302670623145401 0.297196261682243

0 0.6669463087248322 0.3806818181818182 0.6191275167785235 0.7613636363636364

0 0.5850877192982457 0.65 0.7421052631578947 0.6094339622641509

0 0.5211038961038962 0.4668560606060606 0.2694805194805195 0.2708333333333333

0 0.36741214057507987 0.18037974683544303 0.2204472843450479 0.20886075949367086

0 0.5549180327868852 0.5642927794263105 0.5836065573770491 0.6162215628090999

0 0.8110932475884244 0.38446969696969696 0.30064308681672025 0.3522727272727273

0 0.6633986928104575 0.5037878787878788 0.411764705882353 0.48863636363636365
0 0.6290849673202614 0.48295454545454547 0.0032679738562091504 0.003787878787878788

0 0.3985623003194888 0.4990859232175503 0.694888178913738 0.9981718464351006

0 0.3814516129032258 0.41020793950850665 0.2693548387096774 0.2722117202268431

0 0.6355519480519481 0.5935727788279773 0.29383116883116883 0.2948960302457467

0 0.569935691318328 0.6134215500945179 0.12379421221864952 0.20226843100189038

0 0.5574925816023739 0.7004672897196262 0.6772997032640949 0.49252336448598133

0 0.624394184168013 0.5520833333333334 0.26009693053311794 0.5738636363636364

0 0.464573268921095 0.26937618147448017 0.2914653784219002 0.38752362948960306

0 0.5274590163934426 0.4955489614243323 0.3795081967213115 0.4114737883283877

0 0.7171628721541156 0.6141509433962264 0.5656742556917689 0.7566037735849057

0 0.44856661045531193 0.6641509433962264 0.44856661045531193 0.5132075471698113

0 0.748402555910543 0.13254113345521024 0.26038338658146964 0.26508226691042047

0 0.5080385852090032 0.48674242424242425 0.3987138263665595 0.7613636363636364

0 0.4648014440433213 0.3905660377358491 0.5974729241877257 0.569811320754717

0 0.7190016103059581 0.8160377358490566 0.2946859903381642 0.35660377358490564

0 0.6723577235772358 0.6518867924528302 0.2813008130081301 0.4849056603773585

0 0.7334943639291466 0.5367231638418078 0.4106280193236715 0.5649717514124294

0 0.5818476499189627 0.45386064030131823 0.3338735818476499 0.4670433145009416

0 0.6709265175718849 0.42948717948717946 0.3482428115015974 0.6868131868131868

0 0.3100649350649351 0.36458333333333337 0.4967532467532468 0.7291666666666667

0 0.4405594405594406 0.573126142595978 0.5454545454545454 0.8537477148080439

0 0.5958132045088567 0.7948960302457467 0.3832528180354267 0.3724007561436673

0 0.8607705779334501 0.35754716981132073 0.27495621716287216 0.3679245283018868

0 0.4437299035369775 0.43785310734463273 0.4855305466237942 0.6647834274952918

0 0.41370106761565834 0.5132325141776938 0.1797153024911032 0.2514177693761815

0 0.3690095846645367 0.4107806691449814 0.4952076677316294 0.8215613382899628

0 0.3545016077170418 0.5988700564971751 0.34887459807073956 0.3502824858757062

0 0.6331058020477816 0.45754716981132076 0.30716723549488056 0.439622641509434

0 0.30518394648829433 0.2849056603773585 0.2157190635451505 0.2188679245283019
0 0.8118729096989966 0.46037735849056605 0.31270903010033446 0.49056603773584906

0 0.24688279301745636 0.5096385542168675 0.29925187032418954 0.28192771084337354

0 0.4606741573033708 0.4696969696969697 0.6773675762439807 0.7196969696969697

0 0.5707395498392283 0.487689393939394 0.46945337620578775 0.8655303030303031
0 0.2057877813504823 0.3484848484848485 0.23472668810289388 0.4962121212121212

0 0.5949263502454992 0.3816287878787879 0.18166939443535188 0.3541666666666667

0 0.4752066115702479 0.3974358974358974 0.17024793388429751 0.2454212454212454

0 0.5104347826086957 0.6384180790960452 0.25217391304347825 0.2862523540489642

0 0.6835748792270532 0.2551789077212806 0.1819645732689211 0.3559322033898305

0 0.6361301369863014 0.5990566037735849 0.19691780821917806 0.27358490566037735

0 0.680064308681672 0.7939508506616257 0.22508038585209003 0.21172022684310018

0 0.3721864951768489 0.20132325141776938 0.5578778135048231 0.40264650283553877

0 0.2972972972972973 0.3418560606060606 0.4256756756756757 0.6609848484848485

0 0.3985623003194888 0.2866300366300366 0.43610223642172524 0.47435897435897434

0 0.7717041800643086 0.4830188679245283 0.4565916398713826 0.8264150943396227
0 0.387459807073955 0.5339622641509434 0.2958199356913183 0.4377358490566038

0 0.4180064308681672 0.3490566037735849 0.3729903536977492 0.35094339622641507

0 0.44614147909967844 0.6056603773584905 0.3617363344051447 0.4679245283018868

0 0.5823529411764706 0.4792843691148776 0.5966386554621849 0.7740112994350282

0 0.6921221864951769 0.47830188679245284 0.30064308681672025 0.3754716981132076

0 0.4991243432574431 0.4990583804143126 0.9982486865148862 0.9981167608286252

0 0.4 0.4358490566037736 0.16140350877192983 0.22264150943396227

0 0.47815533980582525 0.6571969696969697 0.30258899676375406 0.38257575757575757

0 0.5538585209003215 0.7088846880907372 0.20096463022508038 0.15879017013232516

0 0.5707395498392283 0.4207547169811321 0.819935691318328 0.8415094339622642

0 0.8169877408056042 0.2858490566037736 0.15236427320490367 0.2622641509433962

0 0.40514469453376206 0.6465028355387524 0.5755627009646302 0.7069943289224953

0 0.2507418397626113 0.5983992467043314 0.39169139465875374 0.4811676082862523

0 0.5032154340836013 0.4284369114877589 0.909967845659164 0.8568738229755178

0 0.6905144694533762 0.5866290018832392 0.1945337620578778 0.295668549905838

0 0.6463022508038585 0.3867924528301887 0.23472668810289388 0.32075471698113206

0 0.6864951768488746 0.6748582230623819 0.06109324758842444 0.04914933837429112
0 0.7130225080385852 0.7939508506616257 0.08520900321543408 0.07183364839319471

0 0.49673202614379086 0.40625 0.3300653594771242 0.3272058823529412

0 0.18580542264752792 0.4506398537477148 0.31100478468899523 0.5904936014625228

0 0.5606326889279437 0.5595959595959596 0.49912126537785584 0.5696969696969697

0 0.6525974025974026 0.4184890656063618 0.5227272727272727 0.7455268389662028

0 0.4064569536423841 0.4990566037735849 0.8129139072847682 0.9981132075471698

0 0.5043782837127846 0.6047169811320755 0.4343257443082312 0.4547169811320755

0 0.6030595813204509 0.6332703213610587 0.571658615136876 0.6994328922495274
0 0.9412238325281803 0.5472589792060492 0.11755233494363929 0.5160680529300568
0 0.26006441223832527 0.3998109640831758 0.15619967793880837 0.17958412098298676

0 0.5039936102236422 0.5548446069469836 0.3977635782747604 0.3857404021937843

0 0.5587761674718197 0.4235849056603774 0.1932367149758454 0.36415094339622645

0 0.13498402555910544 0.38939670932358317 0.26996805111821087 0.5630712979890311
0 0.6485623003194888 0.9634369287020109 0.402555910543131 0.07312614259597806

0 0.6977491961414791 0.47641509433962265 0.3697749196141479 0.5188679245283019

0 0.934887459807074 0.5652173913043479 0.1302250803858521 0.29867674858223064

0 0.47603833865814693 0.47623400365630714 0.9520766773162939 0.9524680073126143

0 0.5144927536231884 0.2692307692307692 0.249597423510467 0.304029304029304

0 0.5439024390243903 0.3956043956043956 0.2780487804878049 0.358974358974359

0 0.7412140575079872 0.3820840950639854 0.2971246006389776 0.3071297989031079

0 0.5728070175438597 0.47077244258872647 0.4087719298245614 0.4739039665970772

0 0.7355305466237942 0.4924670433145009 0.5096463022508039 0.8229755178907721

0 0.7606060606060606 0.7448015122873346 0.24444444444444444 0.24196597353497165

0 0.639871382636656 0.4971644612476371 0.3086816720257235 0.41587901701323254

0 0.5480274442538593 0.6216981132075472 0.6363636363636364 0.560377358490566

0 0.42768959435626097 0.39867424242424243 0.24162257495590828 0.30492424242424243

0 0.40456769983686786 0.3522727272727273 0.22838499184339317 0.2727272727272727
0 0.6435562805872758 0.7045454545454546 0.16476345840130507 0.20075757575757577

0 0.6653354632587859 0.746800731261426 0.5159744408945687 0.4625228519195612

0 0.5183706070287539 0.8391224862888482 0.28913738019169327 0.2340036563071298

0 0.6381789137380192 0.6343692870201096 0.48083067092651754 0.5228519195612431

0 0.29260450160771706 0.6242937853107344 0.21864951768488747 0.2768361581920904

0 0.5186385737439222 0.4625228519195612 0.26580226904376014 0.4570383912248629

0 0.5602893890675241 0.6624266144814089 0.3135048231511254 0.24070450097847357

0 0.44035087719298244 0.6318897637795275 0.5964912280701754 0.6889763779527559

0 0.5097244732576985 0.4143126177024482 0.4716369529983792 0.6666666666666666

0 0.7307001795332136 0.591337099811676 0.3016157989228007 0.4331450094161958

0 0.7851437699680511 0.2943327239488117 0.15495207667731628 0.26691042047531993

0 0.5144694533762058 0.42627599243856334 0.5884244372990354 0.7920604914933838

0 0.4546191247974068 0.7787193973634652 0.552674230145867 0.44256120527306964

0 0.6163723916532905 0.11764705882352941 0.26003210272873195 0.23529411764705882

0 0.40434083601286175 0.7655954631379962 0.6639871382636656 0.4688090737240076

0 0.3524193548387097 0.6584905660377358 0.36612903225806454 0.539622641509434

0 0.5087859424920128 0.39377289377289376 0.16134185303514376 0.23076923076923078

0 0.5750798722044728 0.41590493601462525 0.43450479233226835 0.48811700182815354
0 0.8746006389776357 0.809872029250457 0.18370607028753994 0.28153564899451555

0 0.5642054574638844 0.7306238185255198 0.5280898876404494 0.5387523629489603

0 0.5827974276527331 0.45754716981132076 0.2491961414790997 0.3754716981132076

0 0.8593247588424437 0.32670454545454547 0.28135048231511256 0.38446969696969696

0 0.6014362657091562 0.811181434599156 0.1867145421903052 0.3649789029535865

0 0.5501792114695341 0.160075329566855 0.21863799283154123 0.21468926553672316

0 0.4578947368421053 0.6537735849056604 0.5543859649122808 0.6886792452830188

0 0.3458466453674121 0.15018315018315018 0.3402555910543131 0.30036630036630035

0 0.7487479131886478 0.7693032015065913 0.5025041736227045 0.4613935969868173

0 0.6869782971619366 0.5681818181818182 0.3021702838063439 0.36742424242424243

0 0.45921696574225124 0.6384180790960452 0.3605220228384992 0.647834274952919

0 0.5553745928338762 0.5687382297551788 0.3387622149837134 0.7721280602636534

0 0.7298245614035088 0.4537735849056604 0.21403508771929824 0.18301886792452832
0 0.4017543859649123 0.7311320754716981 0.2 0.27358490566037735

0 0.28594249201277955 0.236745886654479 0.2460063897763578 0.2870201096892139

0 0.5447368421052632 0.5 0.4473684210526316 0.40264650283553877

0 0.27627118644067794 0.49011857707509876 0.3898305084745763 0.3359683794466403

0 0.4671163575042158 0.49339622641509434 0.9308600337268128 0.9452830188679245

0 0.5152733118971061 0.3443396226415094 0.8794212218649518 0.6886792452830188

0 0.39308681672025725 0.3132075471698113 0.4871382636655949 0.5886792452830188

0 0.4871382636655949 0.14272211720226843 0.3697749196141479 0.28544423440453687

0 0.3737942122186495 0.45549242424242425 0.72508038585209 0.2821969696969697

0 0.4983402489626556 0.15198019801980198 0.37261410788381744 0.30396039603960395

0 0.5844051446945338 0.7225378787878788 0.3520900321543408 0.5549242424242424

0 0.5075630252100841 0.45695970695970695 0.9680672268907564 0.6172161172161172

0 0.5466237942122186 0.6509433962264151 0.41479099678456594 0.46037735849056605

0 0.7057877813504823 0.1374764595103578 0.08360128617363344 0.10169491525423728
0 0.21221864951768488 0.1845574387947269 0.10289389067524116 0.10546139359698681
0 0.907556270096463 0.2391713747645951 0.04983922829581994 0.08286252354048963
0 0.4083601286173633 0.2627118644067796 0.05144694533762058 0.06591337099811675
0 0.6438906752411575 0.3069679849340866 0.08842443729903537 0.08662900188323917
0 0.26366559485530544 0.3116760828625235 0.05144694533762058 0.054613935969868174
0 0.7789389067524116 0.5103578154425612 0.09163987138263666 0.13559322033898305
0 0.40514469453376206 0.5338983050847458 0.05787781350482315 0.06967984934086628
0 0.6591639871382636 0.57909604519774 0.05466237942122187 0.08097928436911488
0 0.477491961414791 0.788135593220339 0.12861736334405144 0.09604519774011298

0 0.7364532019704433 0.5047080979284368 0.18883415435139572 0.3502824858757062

0 0.4480712166172107 0.44065420560747665 0.43768545994065283 0.5990654205607477

0 0.5442122186495176 0.6349056603773585 0.37138263665594856 0.2660377358490566

0 0.45263157894736844 0.22693032015065911 0.39649122807017545 0.3220338983050847
0 0.21140350877192982 0.57909604519774 0.25087719298245614 0.4387947269303201

0 0.6835748792270532 0.4312617702448211 0.23993558776167473 0.3427495291902071

0 0.39228295819935693 0.6266540642722117 0.22508038585209003 0.21739130434782608

0 0.5124113475177304 0.3440453686200378 0.7092198581560284 0.6200378071833649

0 0.29260450160771706 0.6094339622641509 0.39228295819935693 0.4679245283018868

0 0.6429752066115703 0.09248269040553907 0.10909090909090909 0.1414441147378833
0 0.43760330578512396 0.43026706231454004 0.25867768595041324 0.3105835806132542

0 0.5627009646302251 0.6990566037735849 0.4790996784565916 0.6018867924528302

0 0.4991961414790997 0.3726415094339623 0.22347266881028938 0.39811320754716983

0 0.5836012861736334 0.4479166666666667 0.8038585209003215 0.6799242424242424

0 0.33681672025723475 0.32452830188679244 0.6736334405144695 0.6264150943396226

0 0.4763572679509632 0.38301886792452833 0.2732049036777583 0.1471698113207547

0 0.5447154471544715 0.6141509433962264 0.25040650406504067 0.31886792452830187

0 0.4967845659163987 0.34819734345351044 0.19614147909967847 0.19924098671726756

0 0.8576233183856502 0.7132075471698113 0.28475336322869954 0.22641509433962265

0 0.5583067092651757 0.6361974405850092 0.2955271565495208 0.3180987202925046

0 0.7136 0.40350877192982454 0.5728 0.8031189083820662

0 0.6956140350877194 0.327683615819209 0.21578947368421053 0.263653483992467

0 0.4720447284345048 0.4230769230769231 0.646964856230032 0.7838827838827839

0 0.4991935483870968 0.4990842490842491 0.9983870967741936 0.9981684981684982

0 0.5518394648829431 0.4188679245283019 0.42474916387959866 0.49056603773584906

0 0.8190954773869347 0.8043478260869565 0.36180904522613067 0.391304347826087

0 0.5279552715654952 0.6937842778793418 0.4201277955271565 0.4259597806215722

0 0.42192982456140354 0.5424528301886793 0.7350877192982457 0.9150943396226415

0 0.5565573770491803 0.38712871287128714 0.08688524590163935 0.12673267326732673
0 0.5823770491803278 0.5366336633663367 0.08770491803278689 0.19603960396039605

0 0.5790349417637272 0.616600790513834 0.7221297836938436 0.7430830039525691

0 0.5853115727002968 0.6065420560747664 0.5504451038575667 0.6317757009345795

0 0.48292682926829267 0.6420454545454546 0.3252032520325203 0.4696969696969697

0 0.385048231511254 0.6348600508905853 0.32315112540192925 0.4300254452926209

0 0.8832528180354268 0.3162878787878788 0.22705314009661837 0.4431818181818182

0 0.5003709198813057 0.8186915887850468 0.3241839762611276 0.22429906542056074

0 0.2995207667731629 0.5183150183150184 0.5447284345047924 0.7728937728937729

0 0.41964285714285715 0.5301645338208409 0.7094155844155845 0.829981718464351

0 0.32868852459016396 0.29924242424242425 0.23442622950819672 0.19318181818181818
0 0.10901639344262296 0.6013257575757576 0.1819672131147541 0.2518939393939394
0 0.4237704918032787 0.8049242424242424 0.25081967213114753 0.39015151515151514
0 0.2 0.78125 0.18360655737704917 0.27840909090909094

0 0.6130841121495327 0.5141242937853107 0.2504672897196262 0.4067796610169491

0 0.42524115755627007 0.7079395085066162 0.13987138263665594 0.2514177693761815

0 0.3291245791245791 0.5784499054820416 0.4158249158249158 0.6389413988657845

0 0.6007130124777184 0.3877358490566038 0.3422459893048128 0.3452830188679245

0 0.4003378378378379 0.5225653206650832 0.37162162162162166 0.3657957244655582

0 0.5616319444444444 0.6509433962264151 0.38715277777777773 0.36603773584905663

0 0.7250409165302782 0.4962121212121212 0.25531914893617025 0.29545454545454547

0 0.3022508038585209 0.3292452830188679 0.4630225080385852 0.6320754716981132

0 0.884185303514377 0.453382084095064 0.231629392971246 0.603290676416819

0 0.3363095238095238 0.38207547169811323 0.3829365079365079 0.6509433962264151

0 0.8302752293577982 0.6812933025404156 0.29174311926605506 0.6374133949191686

0 0.5142140468227425 0.3436911487758945 0.2692307692307692 0.3747645951035781

0 0.43715341959334564 0.5776515151515151 0.47504621072088726 0.3484848484848485

0 0.6384863123993558 0.7193784277879341 0.5652173913043478 0.5612431444241316

0 0.5634408602150538 0.5377358490566038 0.3225806451612903 0.369811320754717

0 0.8003194888178914 0.4753199268738574 0.3738019169329073 0.8446069469835467
0 0.35782747603833864 0.7769652650822669 0.48562300319488816 0.4460694698354662

0 0.5884244372990354 0.6139359698681732 0.6816720257234726 0.6741996233521657

0 0.455 0.6064030131826742 0.4766666666666667 0.64030131826742

0 0.6269035532994923 0.22967863894139887 0.17766497461928935 0.2551984877126654
0 0.7935702199661591 0.1833648393194707 0.1116751269035533 0.10586011342155009
0 0.5456852791878173 0.42060491493383745 0.06937394247038917 0.07372400756143667

0 0.5258481421647819 0.3503787878787879 0.8610662358642973 0.7007575757575758

0 0.6254019292604501 0.4320754716981132 0.5144694533762058 0.660377358490566

0 0.5117845117845118 0.4188679245283019 0.18855218855218855 0.21509433962264152

0 0.7800324675324676 0.5915094339622642 0.43993506493506496 0.8132075471698114
0 0.9983766233766235 0.5509433962264151 0.003246753246753247 0.10566037735849057

0 0.6932907348242812 0.5904936014625228 0.1757188498402556 0.2340036563071298

0 0.7162379421221865 0.5473484848484849 0.11093247588424437 0.15151515151515152

0 0.502542372881356 0.5255681818181819 0.20847457627118643 0.2556818181818182

0 0.7475728155339806 0.3433962264150943 0.255663430420712 0.4641509433962264

0 0.3802698145025295 0.45 0.35919055649241144 0.47735849056603774

0 0.38102893890675243 0.4108159392789374 0.3408360128617363 0.3738140417457306

0 0.7572347266881029 0.7132075471698113 0.3183279742765273 0.47924528301886793

0 0.43729903536977494 0.4990566037735849 0.8745980707395499 0.9981132075471698

0 0.17777777777777778 0.304029304029304 0.1641025641025641 0.2087912087912088
0 0.7478632478632479 0.717948717948718 0.28888888888888886 0.40293040293040294

0 0.5485436893203883 0.5830188679245283 0.4854368932038835 0.36226415094339626

0 0.6742286751361162 0.5781544256120527 0.36116152450090744 0.4369114877589454

0 0.3795379537953795 0.4339622641509434 0.46204620462046203 0.5547169811320755

0 0.5715434083601286 0.5672348484848485 0.2845659163987138 0.3503787878787879

0 0.680672268907563 0.43785310734463273 0.32941176470588235 0.41619585687382293

0 0.6284779050736498 0.3709981167608286 0.4451718494271686 0.583804143126177

0 0.6830065359477124 0.6767485822306238 0.16339869281045752 0.332703213610586

0 0.6194295900178253 0.6893939393939394 0.41889483065953653 0.5113636363636364

0 0.7363344051446945 0.42060491493383745 0.5273311897106109 0.8034026465028355

0 0.3743409490333919 0.4127906976744186 0.5026362038664323 0.48604651162790696

0 0.567524115755627 0.4338374291115312 0.19292604501607716 0.23251417769376181

0 0.3880597014925373 0.389622641509434 0.5107794361525705 0.779245283018868

0 0.5993322203672788 0.5142045454545454 0.4574290484140234 0.5587121212121212

0 0.5626003210272873 0.6483931947069943 0.36436597110754415 0.5066162570888469

0 0.5357737104825291 0.5426136363636364 0.36605657237936773 0.5321969696969697

0 0.5713128038897892 0.14678030303030304 0.21880064829821716 0.23674242424242425
0 0.7447325769854133 0.5369318181818182 0.16045380875202592 0.26325757575757575

0 0.635048231511254 0.5454545454545454 0.26366559485530544 0.32196969696969696

0 0.435108153078203 0.4695817490494297 0.3577371048252912 0.3155893536121673

0 0.5250809061488674 0.22641509433962265 0.2993527508090615 0.17358490566037735

0 0.715702479338843 0.5575471698113208 0.4826446280991735 0.8056603773584906

0 0.5744 0.6126373626373627 0.34240000000000004 0.554945054945055

0 0.5798722044728434 0.4012797074954296 0.5079872204472843 0.4296160877513711

0 0.6262057877813505 0.35660377358490564 0.5964630225080386 0.6641509433962264

0 0.5640350877192982 0.42641509433962266 0.5456140350877193 0.5962264150943396

0 0.520096463022508 0.44528301886792454 0.5482315112540193 0.6641509433962264

0 0.7284345047923322 0.49175824175824173 0.28115015974440893 0.5402930402930403

0 0.6362876254180602 0.21978021978021978 0.3193979933110368 0.358974358974359

0 0.7552845528455284 0.5509615384615385 0.33983739837398375 0.6173076923076923

0 0.28482142857142856 0.38089622641509435 0.5696428571428571 0.7617924528301887

0 0.584664536741214 0.3829981718464351 0.14057507987220447 0.21389396709323583

0 0.5257234726688103 0.6490566037735849 0.3954983922829582 0.5056603773584906

0 0.4883720930232558 0.4556603773584906 0.35062611806797855 0.38301886792452833

0 0.5966453674121406 0.5192307692307693 0.6980830670926518 0.6904761904761905

0 0.5486238532110093 0.8619744058500914 0.30458715596330277 0.26142595978062155

0 0.5399361022364217 0.5265567765567766 0.13099041533546324 0.21428571428571427

0 0.4454225352112676 0.5724431818181819 0.45422535211267606 0.6051136363636364

0 0.6653160453808752 0.5725047080979284 0.23176661264181522 0.2937853107344633

0 0.4697478991596639 0.5558712121212122 0.4823529411764706 0.6609848484848485

0 0.5323101777059774 0.3162705667276051 0.5799676898222941 0.5301645338208409

0 0.6592039800995025 0.726923076923077 0.37645107794361526 0.40384615384615385

0 0.5132325141776938 0.4444444444444444 0.28544423440453687 0.5310734463276836

0 0.30658105939004815 0.20793950850661627 0.10914927768860352 0.13988657844990549
0 0.6316211878009631 0.5916824196597353 0.24879614767255218 0.42722117202268434

0 0.3394863563402889 0.5741758241758241 0.377207062600321 0.7967032967032966

0 0.6690821256038647 0.5643939393939394 0.5394524959742351 0.8106060606060607

0 0.46061093247588425 0.36553030303030304 0.364951768488746 0.625

0 0.5208333333333334 0.3669811320754717 0.5018115942028986 0.3679245283018868

0 0.629798903107861 0.41320754716981134 0.20658135283363802 0.2339622641509434

0 0.8159163987138264 0.5708884688090737 0.3553054662379421 0.6729678638941399

0 0.4294425087108014 0.5452830188679245 0.21428571428571427 0.23018867924528302

0 0.6608040201005025 0.5595463137996219 0.6716917922948074 0.8620037807183365

0 0.6237864077669903 0.39867424242424243 0.22168284789644013 0.40340909090909094

0 0.604 0.43875685557586835 0.37920000000000004 0.42047531992687387

0 0.512280701754386 0.756120527306968 0.6140350877192983 0.487758945386064

0 0.23634204275534443 0.6361974405850092 0.47268408551068886 0.5484460694698354

0 0.3315789473684211 0.5433145009416196 0.5087719298245614 0.5480225988700564

0 0.4847266881028939 0.3436911487758945 0.5064308681672026 0.3220338983050847

0 0.5329581993569131 0.720754716981132 0.16881028938906753 0.19245283018867926

0 0.7429824561403509 0.6271186440677966 0.21228070175438596 0.256120527306968

0 0.5455341506129597 0.47452830188679246 0.7968476357267951 0.7867924528301887

0 0.6313485113835376 0.3549905838041431 0.6742556917688266 0.7024482109227872

0 0.6526315789473685 0.7354048964218456 0.5157894736842106 0.4613935969868173

0 0.512280701754386 0.5811320754716981 0.19649122807017544 0.24528301886792453

0 0.6077302631578947 0.4962192816635161 0.28125 0.1947069943289225

0 0.7148562300319489 0.3272394881170018 0.1485623003194888 0.16453382084095064

0 0.6419354838709678 0.3267419962335216 0.27419354838709675 0.4199623352165725

0 0.6091492776886035 0.5245746691871456 0.19743178170144463 0.2438563327032136

0 0.5780701754385965 0.5783018867924529 0.2578947368421053 0.2849056603773585

0 0.5996732026143791 0.39107883817427386 0.2712418300653595 0.3257261410788382

0 0.6832797427652733 0.5273584905660378 0.5723472668810289 0.6924528301886792

0 0.6348949919224556 0.47924528301886793 0.5234248788368336 0.6452830188679245

0 0.772508038585209 0.47830188679245284 0.19131832797427653 0.5377358490566038

0 0.28157894736842104 0.7575471698113208 0.2894736842105263 0.42830188679245285

0 0.6086261980830671 0.5155677655677655 0.3258785942492013 0.4633699633699634

0 0.47186495176848875 0.6103773584905661 0.2877813504823151 0.439622641509434

0 0.5342592592592593 0.6448863636363636 0.3425925925925926 0.3465909090909091

0 0.6589456869009584 0.5648994515539305 0.3274760383386581 0.489945155393053

0 0.7200956937799043 0.48628884826325414 0.45773524720893144 0.5374771480804388

0 0.4253246753246753 0.55 0.275974025974026 0.2169811320754717

0 0.7346278317152104 0.7862523540489642 0.22330097087378642 0.3333333333333333

0 0.6840836012861736 0.5246212121212122 0.22347266881028938 0.27651515151515155

0 0.5884244372990354 0.456439393939394 0.3279742765273312 0.40151515151515155

0 0.6126198083067093 0.6636197440585009 0.15814696485623003 0.20475319926873858

0 0.728688524590164 0.3467583497053045 0.28032786885245903 0.5088408644400786

0 0.40974729241877256 0.5378071833648393 0.6534296028880867 0.7693761814744802

0 0.6591639871382636 0.2928436911487759 0.3054662379421222 0.45386064030131823

0 0.568676716917923 0.3031135531135531 0.4304857621440536 0.4816849816849817

0 0.23946360153256704 0.6231884057971014 0.4789272030651341 0.629399585921325

0 0.39983579638752054 0.6049504950495049 0.5139573070607554 0.596039603960396

0 0.3512861736334405 0.27703984819734345 0.28135048231511256 0.2846299810246679

0 0.835387323943662 0.5283882783882784 0.32922535211267606 0.44871794871794873

0 0.6754385964912281 0.6805293005671078 0.3087719298245614 0.2608695652173913

0 0.4456869009584664 0.3610603290676417 0.36741214057507987 0.48080438756855576

0 0.2826825127334465 0.5792452830188679 0.4940577249575552 0.4830188679245283

0 0.6170212765957447 0.5528301886792453 0.20621931260229134 0.23773584905660378

0 0.7033762057877814 0.4111531190926276 0.25241157556270094 0.4669187145557656

0 0.643859649122807 0.2608286252354049 0.45263157894736844 0.5216572504708098
0 0.8166666666666667 0.7551789077212806 0.22631578947368422 0.3502824858757062

0 0.6175438596491228 0.7009433962264151 0.37543859649122807 0.5415094339622641

0 0.8995176848874598 0.5558712121212122 0.16559485530546625 0.3125

0 0.4830659536541889 0.4621928166351607 0.19607843137254902 0.23251417769376181

0 0.8238434163701067 0.39811320754716983 0.099644128113879 0.17735849056603772

0 0.6512396694214876 0.6512287334593573 0.18512396694214875 0.1947069943289225

0 0.523961661341853 0.5631868131868132 0.38338658146964855 0.5952380952380952

0 0.3266773162939297 0.5722120658135283 0.5830670926517572 0.8555758683729433

0 0.4415929203539823 0.16981132075471697 0.16814159292035397 0.18113207547169813
0 0.6716814159292035 0.369811320754717 0.23539823008849559 0.2188679245283019

0 0.5039936102236422 0.14076782449725778 0.2827476038338658 0.28153564899451555
0 0.3035143769968051 0.7440585009140768 0.45047923322683703 0.5118829981718465

0 0.40810810810810816 0.6080305927342256 0.8162162162162163 0.7342256214149139

0 0.6286173633440515 0.5367924528301887 0.19935691318327975 0.2169811320754717

0 0.7758318739054291 0.4120982986767486 0.38528896672504376 0.5897920604914934

0 0.4172025723472669 0.499054820415879 0.8344051446945338 0.998109640831758

0 0.7320205479452054 0.6304347826086957 0.3167808219178082 0.4744801512287335

0 0.5555555555555556 0.5293005671077505 0.27697262479871176 0.2948960302457467

0 0.6680064308681672 0.43276515151515155 0.5160771704180064 0.6609848484848485

0 0.5431309904153354 0.32234432234432236 0.23003194888178913 0.2454212454212454
0 0.6557507987220447 0.5173992673992674 0.06869009584664537 0.09340659340659341

0 0.31539735099337746 0.42547169811320756 0.1076158940397351 0.27735849056603773

0 0.4004192872117401 0.6698113207547169 0.3689727463312369 0.3320754716981132

0 0.4068825910931174 0.4990566037735849 0.8137651821862348 0.9981132075471698

0 0.3739967897271268 0.6695075757575758 0.48796147672552165 0.6609848484848485

0 0.43045774647887325 0.4325955734406439 0.5862676056338029 0.6277665995975855

0 0.6133440514469454 0.4171374764595103 0.5803858520900321 0.8342749529190207

0 0.6036977491961415 0.47358490566037736 0.4517684887459807 0.5773584905660377

0 0.5509181969949917 0.3915094339622642 0.5575959933222037 0.6660377358490566

0 0.5940514469453376 0.23018867924528302 0.4067524115755627 0.46037735849056605

0 0.3536977491961415 0.49245283018867925 0.5530546623794212 0.630188679245283

0 0.7624798711755233 0.4546313799621928 0.38486312399355876 0.724007561436673

0 0.33306709265175716 0.44149908592321757 0.24440894568690094 0.47714808043875684

0 0.4643478260869565 0.4367924528301887 0.3547826086956522 0.42452830188679247

0 0.6649122807017543 0.4096045197740113 0.5964912280701754 0.8192090395480226

0 0.8309716599190283 0.44339622641509435 0.33805668016194335 0.44528301886792454

0 0.6816720257234726 0.40151515151515155 0.42765273311897106 0.4772727272727273

0 0.5535714285714286 0.4744318181818182 0.2337662337662338 0.45265151515151514

0 0.6454983922829582 0.30943396226415093 0.3295819935691318 0.3433962264150943

0 0.6573482428115016 0.6142595978062158 0.6853035143769968 0.7714808043875686

0 0.6344765342960289 0.7062146892655367 0.30144404332129965 0.4143126177024482

0 0.7540849673202614 0.6679245283018868 0.22058823529411764 0.2943396226415094

0 0.7174959871589085 0.6780303030303031 0.449438202247191 0.5530303030303031

0 0.5192926045016077 0.47821969696969696 0.09646302250803858 0.10795454545454546
0 0.4284565916398714 0.7954545454545455 0.4517684887459807 0.4090909090909091

0 0.7640901771336553 0.4962192816635161 0.44605475040257647 0.6521739130434783

0 0.6477272727272728 0.5770833333333333 0.5580808080808082 0.6833333333333333

0 0.6736334405144695 0.43315018315018317 0.24758842443729903 0.33516483516483514

0 0.6937299035369775 0.3544423440453686 0.5739549839228296 0.667296786389414

0 0.6728295819935691 0.434981684981685 0.2427652733118971 0.33516483516483514

0 0.7459546925566344 0.4047169811320755 0.31067961165048547 0.49245283018867925

0 0.36816720257234725 0.49905303030303033 0.7363344051446945 0.9981060606060607

0 0.4973730297723292 0.6952830188679245 0.22416812609457093 0.27735849056603773

0 0.5219155844155845 0.3708791208791209 0.3295454545454546 0.3021978021978022

0 0.6524193548387097 0.6064030131826742 0.6532258064516129 0.6327683615819208

0 0.543801652892562 0.6931818181818182 0.5983471074380166 0.4545454545454546

0 0.44616639477977166 0.46226415094339623 0.26916802610114193 0.17358490566037735

0 0.6776315789473684 0.2481060606060606 0.3881578947368421 0.4962121212121212

0 0.44018058690744916 0.6084905660377359 0.35214446952595935 0.3754716981132076

0 0.3215434083601286 0.39548022598870053 0.31511254019292606 0.4783427495291902

0 0.36812297734627836 0.8175803402646503 0.40291262135922334 0.30812854442344045

0 0.49514563106796117 0.5587044534412956 0.42071197411003236 0.3765182186234818

0 0.5228937728937729 0.38113207547169814 0.32783882783882784 0.4075471698113208

0 0.6972843450479232 0.26282051282051283 0.33386581469648563 0.521978021978022

0 0.48392282958199356 0.5854166666666667 0.5755627009646302 0.6708333333333333

0 0.4901768172888015 0.30849056603773584 0.22593320235756384 0.2358490566037736

0 0.4943639291465378 0.33431372549019606 0.1932367149758454 0.22156862745098038

0 0.7666126418152349 0.44886363636363635 0.22690437601296595 0.3522727272727273

0 0.6069131832797428 0.5235849056603774 0.2491961414790997 0.34150943396226413

0 0.6901993355481728 0.7289377289377289 0.3438538205980067 0.5347985347985348

0 0.4847266881028939 0.2919020715630885 0.2395498392282958 0.33145009416195853

0 0.5567092651757188 0.24725274725274726 0.6022364217252396 0.4945054945054945
0 0.3698083067092652 0.0009157509157509158 0.097444089456869 0.0018315018315018315

0 0.4609756097560976 0.5964083175803403 0.3040650406504065 0.4782608695652174

0 0.7290996784565916 0.22264150943396227 0.3520900321543408 0.36603773584905663

0 0.6661341853035143 0.5641025641025641 0.20766773162939295 0.3516483516483516

0 0.5976027397260274 0.5849056603773585 0.3287671232876712 0.5320754716981132

0 0.8800322061191627 0.38301886792452833 0.20450885668276972 0.41132075471698115

0 0.44614147909967844 0.5661625708884688 0.4742765273311897 0.4933837429111531

0 0.3553054662379421 0.6713747645951036 0.5112540192926045 0.6572504708097928

0 0.48961661341853036 0.4432234432234432 0.902555910543131 0.8424908424908425

0 0.6503378378378378 0.45351043643263755 0.2668918918918919 0.3984819734345351

0 0.43471074380165287 0.7650943396226415 0.2809917355371901 0.3716981132075472

0 0.7081993569131833 0.3613207547169811 0.44855305466237944 0.5943396226415094

0 0.7601296596434359 0.360377358490566 0.36304700162074555 0.6377358490566037

0 0.3031634446397188 0.6591337099811676 0.3532513181019332 0.3465160075329567

0 0.3866666666666667 0.33238636363636365 0.2366666666666667 0.26704545454545453

0 0.330550918196995 0.2749529190207156 0.2570951585976628 0.3126177024482109

0 0.6477635782747604 0.6608775137111518 0.35303514376996803 0.47714808043875684

0 0.5273311897106109 0.5888468809073725 0.2958199356913183 0.42911153119092627

0 0.45 0.480188679245283 0.3456140350877193 0.3679245283018868

0 0.3929824561403509 0.6018867924528302 0.7017543859649122 0.7962264150943397

0 0.48559322033898306 0.375 0.49322033898305084 0.5681818181818182

0 0.5342019543973942 0.5443396226415095 0.4234527687296417 0.4207547169811321

0 0.43947368421052635 0.46226415094339623 0.7175438596491228 0.7132075471698113

0 0.6527331189710611 0.6037735849056604 0.16720257234726688 0.2830188679245283

0 0.4477491961414791 0.41415094339622643 0.5128617363344051 0.40943396226415096

0 0.4702572347266881 0.46329365079365076 0.43890675241157556 0.46230158730158727

0 0.7717041800643086 0.5443396226415095 0.4565916398713826 0.9113207547169812

0 0.5691318327974276 0.3258003766478343 0.4083601286173633 0.5951035781544256

0 0.4265905383360522 0.33522727272727276 0.33115823817292006 0.33712121212121215

0 0.4478827361563518 0.532015065913371 0.38436482084690554 0.4086629001883239

0 0.6532258064516129 0.6745283018867925 0.603225806451613 0.560377358490566

0 0.624390243902439 0.6066037735849057 0.34471544715447155 0.5264150943396226

0 0.5281803542673108 0.4155597722960152 0.6698872785829307 0.8311195445920304

0 0.5805152979066023 0.6877358490566038 0.12721417069243157 0.2018867924528302

0 0.5530303030303031 0.49337121212121215 0.4128787878787879 0.5700757575757576

0 0.5442122186495176 0.4100378787878788 0.5514469453376206 0.6117424242424243

0 0.5241157556270096 0.2944214876033058 0.18971061093247588 0.23760330578512398

0 0.7205882352941176 0.40421455938697315 0.5588235294117647 0.7164750957854406

0 0.6493610223642172 0.4990842490842491 0.5990415335463258 0.7124542124542125

0 0.7060702875399361 0.5511882998171846 0.3130990415335463 0.360146252285192

0 0.5331179321486269 0.5169811320754717 0.752827140549273 0.9622641509433962

0 0.7351046698872786 0.29071969696969696 0.5297906602254429 0.5814393939393939

0 0.49909747292418777 0.4990583804143126 0.9981949458483755 0.9981167608286252

0 0.36414790996784563 0.503780718336484 0.3295819935691318 0.3383742911153119

0 0.7623604465709729 0.5155393053016454 0.38596491228070173 0.6837294332723949

0 0.7691693290734823 0.5722120658135283 0.4520766773162939 0.5191956124314442

0 0.5819935691318328 0.790719696969697 0.24758842443729903 0.29734848484848486

0 0.4664536741214057 0.37545787545787546 0.9201277955271565 0.6446886446886447

0 0.4186643835616438 0.6839622641509434 0.3202054794520548 0.42452830188679247

0 0.6059390048154093 0.38825757575757575 0.5409309791332263 0.625

0 0.36736334405144694 0.5 0.680064308681672 0.7433962264150944

0 0.4397106109324759 0.3330188679245283 0.39389067524115756 0.530188679245283

0 0.5234248788368336 0.49810964083175807 0.17447495961227788 0.22495274102079396

0 0.3026960784313726 0.31422924901185767 0.24918300653594772 0.3537549407114624
0 0.6834150326797386 0.8448616600790513 0.23284313725490197 0.3102766798418972

0 0.5742811501597443 0.4661172161172161 0.6693290734824281 0.9322344322344323

0 0.18051118210862618 0.5521978021978022 0.36102236421725237 0.25824175824175827

0 0.6085814360770578 0.7543186180422264 0.2119089316987741 0.19577735124760076

0 0.6078274760383386 0.5119047619047619 0.6022364217252396 0.5842490842490843

0 0.5795819935691319 0.4896030245746692 0.5482315112540193 0.9754253308128544

0 0.3022508038585209 0.2556818181818182 0.3054662379421222 0.32575757575757575

0 0.4670418006430868 0.3693181818181818 0.5 0.48484848484848486

0 0.6215753424657534 0.6068052930056711 0.595890410958904 0.7863894139886579

0 0.7587859424920127 0.17216117216117216 0.1501597444089457 0.1758241758241758
0 0.3546325878594249 0.793040293040293 0.15335463258785942 0.2600732600732601

0 0.5231316725978647 0.24716981132075472 0.3380782918149466 0.33584905660377357

0 0.2765273311897106 0.689622641509434 0.5369774919614148 0.620754716981132

0 0.5431372549019607 0.5568181818181819 0.5647058823529412 0.8863636363636364

0 0.545016077170418 0.4537735849056604 0.2315112540192926 0.35660377358490564

0 0.7379421221864951 0.4867924528301887 0.21864951768488747 0.2943396226415094

0 0.5604304635761589 0.601123595505618 0.2433774834437086 0.34831460674157305

0 0.6845047923322684 0.4835466179159049 0.3722044728434505 0.5027422303473492

0 0.45778688524590166 0.43316831683168316 0.5827868852459016 0.7118811881188118

0 0.6789137380191693 0.575091575091575 0.38338658146964855 0.5054945054945055

0 0.227491961414791 0.3487712665406427 0.4421221864951768 0.6975425330812854

0 0.6342443729903537 0.4725897920604915 0.45819935691318325 0.4952741020793951

0 0.47603305785123967 0.6676136363636364 0.6347107438016528 0.6647727272727273

0 0.6142355008787346 0.33962264150943394 0.34270650263620384 0.4679245283018868

0 0.6169354838709677 0.41037735849056606 0.3403225806451613 0.3905660377358491

0 0.6769983686786297 0.590566037735849 0.18597063621533444 0.22641509433962265

0 0.13344051446945338 0.17234848484848486 0.13504823151125403 0.20833333333333334
0 0.24196141479099678 0.32670454545454547 0.11093247588424437 0.18371212121212122
0 0.5988745980707395 0.48674242424242425 0.3070739549839228 0.45075757575757575

0 0.409967845659164 0.31947069943289225 0.2090032154340836 0.19659735349716448

0 0.45083333333333336 0.49905303030303033 0.9016666666666667 0.9981060606060607

0 0.42443729903536975 0.456439393939394 0.1414790996784566 0.1893939393939394

0 0.5493934142114384 0.40151515151515155 0.42980935875216636 0.44696969696969696

0 0.45359019264448336 0.32608695652173914 0.5919439579684763 0.6521739130434783

0 0.4369951534733441 0.6770244821092278 0.4151857835218094 0.6459510357815442

0 0.6981292517006803 0.5141509433962265 0.6003401360544217 0.9716981132075472

0 0.626970227670753 0.7052730696798493 0.28021015761821366 0.24670433145009416

0 0.4646302250803859 0.8128544423440454 0.28617363344051444 0.16257088846880907

0 0.37922705314009664 0.7215909090909091 0.4718196457326892 0.3712121212121212

0 0.6214057507987221 0.4816849816849817 0.2619808306709265 0.23443223443223443

0 0.6864 0.6691042047531993 0.6272 0.6617915904936015

0 0.6698872785829307 0.625 0.3639291465378422 0.3712121212121212

0 0.38286713286713286 0.5160075329566854 0.7657342657342657 0.7382297551789077

0 0.5777972027972028 0.556710775047259 0.3409090909090909 0.3648393194706994

0 0.6445686900958466 0.32783882783882784 0.3210862619808307 0.3992673992673993

0 0.5451388888888888 0.6239495798319328 0.5347222222222222 0.7521008403361344

0 0.5921052631578948 0.5264150943396226 0.2824561403508772 0.369811320754717

0 0.3979099678456592 0.665406427221172 0.43569131832797425 0.6011342155009451

0 0.5079872204472843 0.5941499085923218 0.45047923322683703 0.5155393053016454

0 0.5527156549520766 0.4597069597069597 0.6261980830670926 0.9120879120879121

0 0.6974405850091407 0.43821510297482835 0.1736745886654479 0.4919908466819222

0 0.6582792207792209 0.24245283018867925 0.28084415584415584 0.4811320754716981

0 0.603035143769968 0.7010968921389397 0.7523961661341853 0.5978062157221207

0 0.4631578947368421 0.569811320754717 0.7719298245614036 0.8603773584905661

0 0.5771103896103896 0.7551984877126654 0.28733766233766234 0.3686200378071834

0 0.7258842443729904 0.5734463276836158 0.29742765273311894 0.5329566854990584

0 0.37314540059347184 0.43037383177570093 0.6053412462908012 0.5299065420560748

0 0.4678456591639871 0.5 0.6591639871382636 1.0

0 0.5245614035087719 0.7 0.6596491228070176 0.6

0 0.7412280701754386 0.7037735849056603 0.5175438596491229 0.5924528301886792

0 0.3737942122186495 0.5954631379962193 0.22990353697749197 0.3553875236294896

0 0.5431578947368421 0.49337121212121215 0.37894736842105264 0.3731060606060606

0 0.44863563402889245 0.2202925045703839 0.15890850722311398 0.21023765996343693

0 0.4042016806722689 0.5482954545454546 0.2235294117647059 0.18371212121212122

0 0.6803953871499177 0.6240530303030303 0.6392092257001648 0.7518939393939394

0 0.6752411575562701 0.3854166666666667 0.6495176848874598 0.7708333333333334

0 0.6792604501607717 0.4185606060606061 0.29742765273311894 0.32196969696969696

0 0.30983606557377047 0.6078140454995055 0.6114754098360655 0.7843719090009891

0 0.3315789473684211 0.5094161958568738 0.6631578947368422 0.8493408662900188

0 0.4121951219512195 0.3360805860805861 0.3951219512195122 0.6172161172161172

0 0.5227642276422764 0.7041587901701324 0.26178861788617885 0.31947069943289225

0 0.7458053691275167 0.44622641509433963 0.5083892617449665 0.8924528301886793

0 0.6543859649122807 0.6219281663516069 0.6912280701754386 0.7561436672967864

0 0.5466237942122186 0.7278719397363465 0.4340836012861736 0.544256120527307

0 0.8654822335025381 0.22358490566037736 0.0829103214890017 0.13773584905660377
0 0.3197969543147208 0.38113207547169814 0.2707275803722504 0.3283018867924528

0 0.4666666666666667 0.4820754716981132 0.2048780487804878 0.30377358490566037

0 0.7935483870967742 0.6698113207547169 0.2870967741935484 0.4830188679245283

0 0.46006389776357826 0.2902930402930403 0.26517571884984026 0.3498168498168498

0 0.5207667731629393 0.4661172161172161 0.6293929712460063 0.7454212454212454

0 0.6289752650176679 0.5081585081585082 0.5371024734982333 0.7738927738927739

0 0.5816696914700544 0.489517819706499 0.822141560798548 0.7442348008385745

0 0.49910071942446044 0.4990566037735849 0.9982014388489209 0.9981132075471698

0 0.326158940397351 0.6735849056603773 0.5099337748344371 0.6528301886792452

0 0.7765273311897106 0.5915094339622642 0.37942122186495175 0.42452830188679247

0 0.5506430868167203 0.6496212121212122 0.14630225080385853 0.14015151515151517

0 0.7106109324758842 0.5037878787878788 0.4437299035369775 0.6060606060606061

0 0.823580034423408 0.3856332703213611 0.10843373493975904 0.1172022684310019
0 0.6523235800344235 0.42533081285444235 0.11015490533562823 0.13232514177693763

0 0.4824561403508772 0.4028301886792453 0.3333333333333333 0.40943396226415096

0 0.5403877221324718 0.3806818181818182 0.15347334410339258 0.32196969696969696

0 0.723292469352014 0.469811320754717 0.3222416812609457 0.569811320754717

0 0.6789473684210526 0.4481132075471698 0.512280701754386 0.6169811320754717

0 0.6020900321543409 0.5555555555555556 0.2266881028938907 0.3389830508474576

0 0.6649122807017543 0.34150943396226413 0.5824561403508772 0.6830188679245283

0 0.5883797054009821 0.2836879432624113 0.15875613747954173 0.2222222222222222

0 0.7276357827476038 0.49177330895795246 0.3019169329073482 0.3583180987202925

0 0.5087719298245614 0.6 0.5368421052631579 0.6

0 0.5883424408014571 0.2598870056497175 0.6520947176684881 0.519774011299435

0 0.7829268292682927 0.46226415094339623 0.4016260162601626 0.5773584905660377

0 0.4605475040257649 0.5716981132075472 0.1610305958132045 0.22264150943396227

0 0.7740066225165563 0.5856873822975518 0.21688741721854304 0.24105461393596986

0 0.4424920127795527 0.1108058608058608 0.3482428115015974 0.2216117216117216
0 0.6629392971246006 0.3498168498168498 0.12779552715654952 0.3333333333333333
0 0.45686900958466453 0.6410256410256411 0.14057507987220447 0.12454212454212454

0 0.5194915254237288 0.4867924528301887 0.5881355932203389 0.7056603773584905

0 0.45701754385964916 0.6556603773584906 0.23333333333333334 0.28867924528301886

0 0.487962962962963 0.5405660377358491 0.21296296296296297 0.30754716981132074

0 0.584664536741214 0.5888278388278388 0.15335463258785942 0.20695970695970695

0 0.4694041867954911 0.6162570888468809 0.71658615136876 0.7674858223062382

0 0.5079872204472843 0.44963369963369965 0.36741214057507987 0.37545787545787546

0 0.5998402555910542 0.5082266910420475 0.35303514376996803 0.4643510054844607

0 0.5713073005093379 0.4990842490842491 0.6536502546689303 0.47435897435897434

0 0.45527156549520764 0.42047531992687387 0.4153354632587859 0.5228519195612431

0 0.27715654952076674 0.5804387568555759 0.5543130990415335 0.7915904936014625

0 0.6784565916398714 0.1007532956685499 0.1832797427652733 0.12994350282485875

0 0.8475519287833828 0.4565420560747664 0.30489614243323443 0.7317757009345794

0 0.42955326460481097 0.6290018832391714 0.20618556701030927 0.2787193973634651

0 0.5434083601286174 0.2831439393939394 0.28938906752411575 0.29734848484848486

0 0.5256849315068493 0.5235849056603774 0.4143835616438356 0.469811320754717

0 0.6001805054151624 0.4499054820415879 0.7527075812274369 0.8695652173913043

0 0.5351437699680511 0.8436928702010968 0.4281150159744409 0.3126142595978062

0 0.5746388443017656 0.48390151515151514 0.2953451043338684 0.3503787878787879

0 0.31353135313531355 0.7982954545454546 0.264026402640264 0.3503787878787879

0 0.7194533762057878 0.6854990583804143 0.5032154340836013 0.5574387947269303

0 0.6221498371335505 0.42424242424242425 0.5960912052117264 0.6742424242424243

0 0.5152733118971061 0.5424528301886793 0.3585209003215434 0.5264150943396226

0 0.7535087719298246 0.4660377358490566 0.26842105263157895 0.44150943396226416

0 0.7904656319290465 0.6971698113207547 0.41019955654101997 0.5452830188679245

0 0.6349840255591054 0.510989010989011 0.5191693290734825 0.7216117216117216

0 0.37459016393442623 0.6330365974282888 0.2836065573770492 0.40158259149357073

0 0.7563237774030354 0.6909262759924386 0.20067453625632375 0.2438563327032136

0 0.6286173633440515 0.10357815442561205 0.18971061093247588 0.1958568738229755

0 0.6696141479099679 0.5679245283018868 0.5096463022508039 0.7245283018867925

0 0.7379767827529021 0.4188679245283019 0.21558872305140964 0.22264150943396227

0 0.5988372093023256 0.5530303030303031 0.20764119601328904 0.28030303030303033

0 0.6368613138686131 0.5386064030131826 0.4124087591240876 0.5800376647834274

0 0.7463768115942029 0.7092803030303031 0.23671497584541062 0.33901515151515155

0 0.6333865814696485 0.6712454212454212 0.4680511182108626 0.6575091575091575

0 0.5519591141396933 0.4509433962264151 0.5178875638841567 0.4716981132075472

0 0.1829073482428115 0.6153846153846154 0.17731629392971246 0.2673992673992674

0 0.35152487961476725 0.3591682419659735 0.4462279293739968 0.6880907372400756

0 0.4758842443729904 0.6685499058380414 0.17041800643086816 0.1581920903954802

0 0.7460063897763578 0.5393772893772893 0.5047923322683706 0.7783882783882784

0 0.7576923076923078 0.6975425330812854 0.34615384615384615 0.6049149338374291

0 0.475517890772128 0.5169811320754717 0.5291902071563088 0.5018867924528302

0 0.42326332794830374 0.6384180790960452 0.4975767366720517 0.7156308851224105

0 0.522883295194508 0.7032136105860114 0.4050343249427918 0.3705103969754253

0 0.5852090032154341 0.1824196597353497 0.2379421221864952 0.23251417769376181

0 0.5493934142114384 0.5365612648221344 0.512998266897747 0.5909090909090908

0 0.6236673773987207 0.4521158129175946 0.07889125799573561 0.08463251670378619

0 0.38434782608695656 0.5137524557956777 0.5530434782608696 0.8546168958742631

0 0.49838969404186795 0.4612476370510397 0.5458937198067633 0.725897920604915

0 0.5854632587859425 0.6062271062271062 0.26357827476038337 0.4065934065934066

0 0.6712218649517685 0.4887005649717514 0.29742765273311894 0.3295668549905838

0 0.5231629392971245 0.30952380952380953 0.3402555910543131 0.31868131868131866

0 0.7403536977491961 0.6219281663516069 0.18488745980707394 0.19659735349716448

0 0.5774526678141136 0.48493408662900184 0.7418244406196214 0.943502824858757

0 0.7684887459807074 0.43856332703213613 0.27009646302250806 0.332703213610586

0 0.6096 0.31227106227106227 0.7776000000000001 0.6245421245421245

0 0.656910569105691 0.5744897959183674 0.6764227642276422 0.7979591836734694

0 0.5783521809369951 0.30812854442344045 0.3101777059773829 0.6162570888468809

0 0.786535303776683 0.7137476459510358 0.3842364532019704 0.4632768361581921

0 0.7963258785942492 0.2078754578754579 0.19329073482428114 0.2032967032967033

0 0.5503194888178914 0.4780621572212066 0.6437699680511182 0.9561243144424132

0 0.5482456140350878 0.5250965250965252 0.34210526315789475 0.46332046332046334

0 0.759319286871961 0.23062381852551986 0.38411669367909235 0.4612476370510397

0 0.415061295971979 0.2523540489642184 0.4063047285464098 0.4821092278719397

0 0.6946688206785138 0.5650943396226416 0.1841680129240711 0.2169811320754717

0 0.6133440514469454 0.4235849056603774 0.29742765273311894 0.44339622641509435

0 0.5809917355371901 0.3119369369369369 0.2066115702479339 0.25

0 0.4204180064308682 0.25849056603773585 0.2909967845659164 0.33962264150943394

0 0.2885964912280702 0.64030131826742 0.3736842105263158 0.48587570621468923

0 0.4776357827476038 0.2020109689213894 0.389776357827476 0.4040219378427788

0 0.743485342019544 0.6794871794871795 0.45114006514657984 0.5274725274725275

0 0.7347266881028939 0.5 0.3729903536977492 0.5254237288135593

0 0.4293739967897271 0.3172348484848485 0.2841091492776886 0.26704545454545453

0 0.41654302670623145 0.6172897196261683 0.5867952522255193 0.7429906542056075

0 0.4988872403560831 0.46588785046728975 0.9977744807121662 0.9299065420560748

0 0.24583333333333335 0.36371527777777773 0.1277777777777778 0.4427083333333333
0 0.25972222222222224 0.27604166666666663 0.002777777777777778 0.006944444444444444

0 0.46597222222222223 0.47916666666666663 0.7902777777777779 0.8854166666666666

0 0.3770833333333333 0.4522569444444444 0.29305555555555557 0.4392361111111111

0 0.45763888888888893 0.3706597222222222 0.31527777777777777 0.5677083333333333

0 0.4451388888888889 0.3828125 0.3013888888888889 0.4253472222222222

0 0.6215277777777778 0.5928819444444444 0.5541666666666667 0.564236111111111

0 0.6652777777777779 0.3819444444444444 0.375 0.5034722222222222

0 0.2152777777777778 0.39670138888888884 0.28611111111111115 0.390625

0 0.6131944444444445 0.5190972222222222 0.5986111111111111 0.8958333333333333

0 0.43194444444444446 0.4600694444444444 0.11111111111111112 0.16319444444444445

0 0.6104166666666667 0.548611111111111 0.31527777777777777 0.59375

0 0.44097222222222227 0.5946180555555555 0.3125 0.501736111111111

0 0.6527777777777778 0.7170138888888888 0.3388888888888889 0.4861111111111111

0 0.44847020933977455 0.48173076923076924 0.8969404186795491 0.9365384615384615
0 0.7045088566827697 0.2798076923076923 0.017713365539452495 0.0057692307692307696

0 0.7860696517412935 0.4943181818181818 0.3117744610281924 0.4772727272727273
0 0.5812603648424544 0.44507575757575757 0.0713101160862355 0.10606060606060606

0 0.8067632850241546 0.711864406779661 0.3639291465378422 0.4444444444444444

0 0.4076388888888889 0.47309027777777773 0.3125 0.40104166666666663

0 0.6145299145299146 0.1867924528301887 0.2170940170940171 0.3735849056603774
0 0.7974358974358975 0.7971698113207547 0.12136752136752137 0.1792452830188679

0 0.3666666666666667 0.49147727272727276 0.68 0.6382575757575758

0 0.5625 0.47135416666666663 0.23611111111111113 0.23090277777777776

0 0.8271929824561404 0.6534839924670433 0.25087719298245614 0.2598870056497175

0 0.5498392282958199 0.775992438563327 0.09003215434083602 0.09262759924385633

0 0.7315112540192926 0.4111531190926276 0.3215434083601286 0.29300567107750475

0 0.6969453376205788 0.725897920604915 0.4196141479099678 0.5482041587901701

0 0.770181219110379 0.6047169811320755 0.14991762767710048 0.2358490566037736

0 0.40665584415584416 0.6240530303030303 0.5600649350649352 0.6420454545454546

0 0.6663961038961039 0.39528301886792455 0.6672077922077922 0.7905660377358491

0 0.3526570048309179 0.634469696969697 0.7053140096618358 0.5795454545454546

0 0.44703049759229535 0.4128787878787879 0.19743178170144463 0.16287878787878787

0 0.49891067538126366 0.4990494296577947 0.9978213507625273 0.9980988593155894

0 0.4733777038269551 0.5842803030303031 0.5906821963394343 0.4715909090909091

0 0.6329690346083788 0.4811320754716981 0.2459016393442623 0.4188679245283019

0 0.5635048231511254 0.49528301886792453 0.7411575562700965 0.749056603773585

0 0.3368506493506494 0.6924528301886792 0.5081168831168832 0.6150943396226415

0 0.631578947368421 0.5555555555555556 0.5964912280701754 0.5160075329566854

0 0.7210610932475884 0.8471698113207548 0.2942122186495177 0.30566037735849055

0 0.2815281899109792 0.5495327102803739 0.263353115727003 0.34205607476635513

0 0.6897106109324759 0.34215500945179583 0.2572347266881029 0.30623818525519847

0 0.5393890675241158 0.7391304347826088 0.11736334405144694 0.1776937618147448

0 0.7821543408360129 0.6685499058380414 0.22990353697749197 0.3502824858757062

0 0.6334405144694534 0.5630885122410546 0.3729903536977492 0.6741996233521657

0 0.47299509001636664 0.3856332703213611 0.2520458265139116 0.25330812854442347

0 0.7877813504823151 0.3116760828625235 0.3633440514469453 0.5706214689265536

0 0.4710526315789474 0.5998116760828625 0.3175438596491228 0.3446327683615819

0 0.4477491961414791 0.39339622641509436 0.15916398713826366 0.3452830188679245

0 0.7745571658615137 0.39905660377358493 0.45088566827697263 0.7679245283018868

0 0.589622641509434 0.6013257575757576 0.16792452830188678 0.20643939393939395

0 0.4749582637729549 0.1591337099811676 0.07846410684474124 0.08851224105461393
0 0.5843071786310517 0.7598870056497175 0.12687813021702837 0.11864406779661016

0 0.6294212218649518 0.38920454545454547 0.1752411575562701 0.20265151515151517

0 0.5052631578947369 0.7297551789077212 0.3298245614035088 0.3935969868173258

0 0.607876712328767 0.6311320754716981 0.6267123287671232 0.6245283018867924

0 0.6224035608308606 0.6509345794392524 0.43471810089020774 0.5037383177570094

0 0.5588723051409619 0.6779661016949152 0.44776119402985076 0.3992467043314501

0 0.5016528925619834 0.5900195694716243 0.19008264462809918 0.22896281800391388

0 0.4149122807017544 0.689622641509434 0.2543859649122807 0.3

0 0.48482428115015974 0.4716117216117216 0.8003194888178914 0.9432234432234432

0 0.6720257234726688 0.37215909090909094 0.12540192926045016 0.19507575757575757

0 0.4510763209393346 0.6584905660377358 0.42857142857142855 0.36603773584905663

0 0.4586038961038961 0.4990566037735849 0.9172077922077922 0.9981132075471698

0 0.4087102177554439 0.6246882793017456 0.6834170854271356 0.6957605985037406

0 0.5620915032679739 0.5245283018867924 0.4150326797385621 0.4830188679245283
0 0.27450980392156865 0.749056603773585 0.19281045751633988 0.2981132075471698

0 0.6647909967845659 0.8638941398865785 0.1720257234726688 0.2003780718336484

0 0.6845047923322684 0.5868372943327239 0.5223642172523961 0.6654478976234004

0 0.6019677996422182 0.5641509433962264 0.5062611806797853 0.8339622641509434

0 0.6742556917688266 0.6547169811320754 0.3222416812609457 0.47547169811320755

0 0.335387323943662 0.2589453860640301 0.670774647887324 0.2843691148775894

0 0.6977491961414791 0.6779661016949152 0.5562700964630225 0.6440677966101694

0 0.3606870229007633 0.4877126654064272 0.42366412213740456 0.42722117202268434

0 0.3585209003215434 0.7986767485822307 0.5691318327974276 0.40264650283553877

0 0.5595813204508857 0.2523629489603025 0.6103059581320451 0.504725897920605

0 0.6728070175438596 0.6384180790960452 0.556140350877193 0.6629001883239171

0 0.46353322528363045 0.5444234404536862 0.4084278768233387 0.43856332703213613

0 0.8267918088737202 0.1638830897703549 0.26791808873720135 0.3277661795407098
0 0.23890784982935154 0.6524008350730688 0.4573378839590444 0.6951983298538621

0 0.4413934426229508 0.38602576808721506 0.5598360655737705 0.5718533201189296

0 0.7252396166134185 0.586996336996337 0.549520766773163 0.826007326007326

0 0.8052276559865092 0.506896551724138 0.35919055649241144 0.728735632183908

0 0.5054249547920434 0.3905660377358491 0.2332730560578662 0.37735849056603776

0 0.4855305466237942 0.33490566037735847 0.3987138263665595 0.330188679245283

0 0.5032102728731942 0.2215909090909091 0.2520064205457464 0.4090909090909091

0 0.8319805194805195 0.3264150943396226 0.14123376623376624 0.2528301886792453
0 0.5308441558441559 0.42735849056603775 0.2337662337662338 0.3490566037735849

0 0.6085209003215434 0.559433962264151 0.18810289389067525 0.2018867924528302

0 0.8046744574290484 0.4726930320150659 0.27712854757929883 0.5988700564971751

0 0.4736421725239616 0.38095238095238093 0.3434504792332268 0.32967032967032966

0 0.639871382636656 0.6641509433962264 0.3987138263665595 0.33584905660377357

0 0.5140350877192983 0.3160377358490566 0.3333333333333333 0.31886792452830187

0 0.5009803921568627 0.5587121212121212 0.3196078431372549 0.33712121212121215

0 0.3279742765273312 0.5671077504725898 0.4758842443729904 0.6880907372400756

0 0.3737864077669903 0.30754716981132074 0.26537216828478966 0.5283018867924528

0 0.4772727272727273 0.5909090909090909 0.7012987012987013 0.8181818181818182

0 0.768860353130016 0.4715909090909091 0.4622792937399679 0.5871212121212122

0 0.547427652733119 0.5754716981132075 0.18488745980707394 0.23773584905660378

0 0.5636515912897823 0.48011363636363635 0.18257956448911222 0.19886363636363638

0 0.20766773162939295 0.3525641025641026 0.16613418530351437 0.4926739926739927

0 0.5155993431855501 0.480188679245283 0.49589490968801314 0.8886792452830189

0 0.48083067092651754 0.5237659963436929 0.4536741214057508 0.5137111517367459

0 0.45491143317230276 0.7890772128060264 0.28502415458937197 0.2749529190207156

0 0.49224137931034484 0.4166666666666667 0.2810344827586207 0.34090909090909094

0 0.29948364888123924 0.4630681818181818 0.20654044750430292 0.3125

0 0.6517571884984026 0.6023765996343693 0.402555910543131 0.33455210237659966

0 0.498330550918197 0.7853107344632768 0.3622704507512521 0.4293785310734463

0 0.3609324758842444 0.6045197740112994 0.39389067524115756 0.3013182674199623

0 0.6650563607085346 0.5566037735849056 0.5249597423510467 0.5811320754716981

0 0.5622837370242215 0.25471698113207547 0.2837370242214533 0.3849056603773585

0 0.5822033898305085 0.6958568738229755 0.38813559322033897 0.4199623352165725

0 0.6567524115755627 0.3867924528301887 0.3102893890675241 0.4226415094339623

0 0.7427652733118971 0.5547169811320755 0.47266881028938906 0.4679245283018868

0 0.797427652733119 0.4500941619585687 0.3504823151125402 0.4067796610169491

0 0.5039936102236422 0.3592321755027422 0.13258785942492013 0.20292504570383912
0 0.3993610223642172 0.5310786106032906 0.12460063897763578 0.13711151736745886

0 0.6962457337883959 0.03314393939393939 0.14334470989761092 0.0625
0 0.31313993174061433 0.6619318181818182 0.5853242320819113 0.6647727272727273

0 0.5852090032154341 0.634469696969697 0.42443729903536975 0.5227272727272727

0 0.5758785942492013 0.25457875457875456 0.3019169329073482 0.315018315018315

0 0.7210610932475884 0.4537735849056604 0.39389067524115756 0.45849056603773586

0 0.5079872204472843 0.4259597806215722 0.2460063897763578 0.31078610603290674

0 0.45563139931740615 0.4766536964980545 0.6040955631399317 0.45136186770428016

0 0.45796847635726795 0.8258003766478342 0.4010507880910683 0.3483992467043314

0 0.4806763285024155 0.6610169491525424 0.42995169082125606 0.583804143126177

0 0.3530884808013356 0.3159392789373814 0.5258764607679466 0.5787476280834914

0 0.4188102893890675 0.5331439393939394 0.32636655948553056 0.4147727272727273

0 0.32216905901116427 0.5383912248628885 0.2456140350877193 0.3272394881170018

0 0.3274760383386581 0.43875685557586835 0.30990415335463256 0.42778793418647165

0 0.7571884984025559 0.7029250457038391 0.4376996805111821 0.4954296160877514

0 0.7101449275362319 0.5451977401129944 0.3188405797101449 0.36346516007532953

0 0.7210610932475884 0.7273584905660377 0.2877813504823151 0.3490566037735849

0 0.680064308681672 0.3992467043314501 0.31189710610932475 0.4067796610169491

0 0.360146252285192 0.6007326007326007 0.38391224862888484 0.4542124542124542

0 0.4776357827476038 0.3498168498168498 0.5271565495207667 0.5164835164835165

0 0.49577702702702703 0.5975103734439834 0.39020270270270274 0.5435684647302904

0 0.6736334405144695 0.6650943396226415 0.23472668810289388 0.24339622641509434

0 0.3148148148148148 0.5246212121212122 0.2431561996779388 0.35984848484848486

0 0.3889776357827476 0.5447897623400365 0.547923322683706 0.5557586837294333

0 0.2710526315789474 0.6299435028248588 0.2964912280701754 0.2768361581920904

0 0.32556270096463025 0.48200757575757575 0.6511254019292605 0.7405303030303031

0 0.32636655948553056 0.569811320754717 0.5144694533762058 0.5207547169811321

0 0.4413183279742765 0.16477272727272727 0.1495176848874598 0.17803030303030304

0 0.6931818181818182 0.5179584120982987 0.2532467532467533 0.25330812854442347

0 0.7813504823151125 0.6103773584905661 0.43729903536977494 0.7226415094339622

0 0.4180064308681672 0.6725490196078431 0.4565916398713826 0.4745098039215686

0 0.8699515347334411 0.48962264150943396 0.21809369951534735 0.439622641509434

0 0.4330578512396694 0.4412878787878788 0.4231404958677686 0.48863636363636365

0 0.7363344051446945 0.502016129032258 0.2315112540192926 0.3225806451612903

0 0.5 0.45 0.29260450160771706 0.41320754716981134

0 0.4535087719298246 0.5443396226415095 0.3 0.41320754716981134

0 0.5300445103857567 0.6906542056074767 0.3954005934718101 0.5607476635514019

0 0.6867862969004894 0.4528301886792453 0.3262642740619902 0.3584905660377358

0 0.6953376205787781 0.3162878787878788 0.4228295819935691 0.5681818181818182

0 0.6052631578947368 0.6660377358490566 0.3719298245614035 0.5358490566037736

0 0.5774647887323944 0.39319470699432896 0.15140845070422534 0.2608695652173913

0 0.44661016949152543 0.7253787878787878 0.2830508474576271 0.25

0 0.5666666666666667 0.7886792452830189 0.4807017543859649 0.4226415094339623

0 0.7096774193548387 0.3126315789473684 0.2870967741935484 0.36

0 0.6610032362459547 0.5885122410546139 0.5323624595469256 0.8229755178907721

0 0.34750000000000003 0.18147448015122875 0.07166666666666667 0.12476370510396975

0 0.7138263665594855 0.8415094339622642 0.2958199356913183 0.3132075471698113

0 0.7958199356913184 0.5094339622641509 0.24758842443729903 0.35094339622641507

0 0.41639871382636656 0.3490566037735849 0.3729903536977492 0.35094339622641507

0 0.3859649122807018 0.49905303030303033 0.7719298245614036 0.9981060606060607

0 0.628448275862069 0.82015065913371 0.3913793103448276 0.35969868173258

0 0.6458333333333334 0.6450094161958568 0.3677536231884058 0.5367231638418078

0 0.6720257234726688 0.8069679849340866 0.5723472668810289 0.3860640301318267

0 0.41832669322709165 0.4555765595463138 0.5219123505976095 0.42722117202268434

0 0.5731511254019293 0.6545275590551181 0.3520900321543408 0.4389763779527559

0 0.5112540192926045 0.7092803030303031 0.48231511254019294 0.5511363636363636

0 0.37740805604203154 0.67984934086629 0.660245183887916 0.64030131826742

0 0.362540192926045 0.45368620037807184 0.4067524115755627 0.5935727788279773

0 0.6341030195381883 0.524482109227872 0.7317939609236235 0.951035781544256

0 0.6429725363489499 0.30587121212121215 0.6946688206785138 0.5435606060606061

0 0.5939716312056738 0.6084905660377359 0.6737588652482269 0.7566037735849057

0 0.5401929260450161 0.7433712121212122 0.42765273311897106 0.5132575757575758
0 0.42443729903536975 0.9791666666666667 0.10610932475884244 0.04166666666666667

0 0.1907894736842105 0.16068052930056712 0.11842105263157894 0.19281663516068054
0 0.6085526315789473 0.33553875236294894 0.09539473684210525 0.11531190926275993
0 0.3536184210526316 0.43667296786389415 0.30921052631578944 0.29111531190926276

0 0.7324281150159744 0.5786106032906764 0.20287539936102236 0.2870201096892139

0 0.7244408945686901 0.6794871794871795 0.292332268370607 0.34798534798534797

0 0.8231511254019293 0.6714015151515151 0.3536977491961415 0.6571969696969697

0 0.7355679702048417 0.3858490566037736 0.18994413407821228 0.20566037735849058

0 0.786741214057508 0.38644688644688646 0.3434504792332268 0.7728937728937729

0 0.7755591054313099 0.42765567765567764 0.231629392971246 0.38278388278388276

0 0.4959807073954984 0.2849056603773585 0.9887459807073955 0.569811320754717

0 0.3617363344051447 0.717391304347826 0.6881028938906752 0.5652173913043479

0 0.49824253075571173 0.4990583804143126 0.9964850615114235 0.9981167608286252

0 0.48162939297124596 0.4990842490842491 0.9632587859424919 0.9981684981684982

0 0.4446227929373997 0.48011363636363635 0.3017656500802568 0.40340909090909094

0 0.45996732026143794 0.30566037735849055 0.7728758169934641 0.6113207547169811

0 0.27741935483870966 0.5056497175141242 0.3903225806451613 0.623352165725047

0 0.4912280701754386 0.6584905660377358 0.44912280701754387 0.6830188679245283

0 0.7387459807073955 0.6489563567362429 0.2877813504823151 0.36432637571157495

0 0.42971246006389774 0.5256410256410257 0.6805111821086262 0.6556776556776557

0 0.5825082508250825 0.3926553672316384 0.6567656765676567 0.7853107344632768

0 0.2821543408360129 0.5451977401129944 0.32315112540192925 0.3860640301318267

0 0.5956591639871383 0.3797348484848485 0.4196141479099678 0.48674242424242425

0 0.6840836012861736 0.4962192816635161 0.2427652733118971 0.3383742911153119

0 0.44863563402889245 0.500945179584121 0.3739967897271268 0.5066162570888469

0 0.5993322203672788 0.6468926553672316 0.1302170283806344 0.14124293785310735

0 0.6077170418006431 0.21374764595103576 0.3440514469453376 0.42749529190207153

0 0.49822064056939497 0.4988864142538975 0.9964412811387899 0.997772828507795

0 0.5265273311897106 0.5386792452830189 0.34565916398713825 0.5264150943396226

0 0.4991243432574431 0.4990566037735849 0.9982486865148862 0.9981132075471698

0 0.40687919463087246 0.6899606299212598 0.2197986577181208 0.19881889763779528

0 0.7324281150159744 0.45521023765996343 0.16773162939297123 0.19012797074954296

0 0.47053872053872053 0.5094339622641509 0.372053872053872 0.690566037735849

0 0.43729096989966554 0.6026365348399246 0.25585284280936454 0.2485875706214689

0 0.4204180064308682 0.15 0.2395498392282958 0.2358490566037736

0 0.6583601286173634 0.3069679849340866 0.2845659163987138 0.2975517890772128

0 0.6533546325878594 0.5411334552102377 0.6006389776357828 0.6069469835466179

0 0.79 0.4166666666666667 0.38333333333333336 0.46590909090909094

0 0.41514598540145986 0.7937853107344632 0.5383211678832117 0.4124293785310734

0 0.6458333333333333 0.3141509433962264 0.7083333333333333 0.4660377358490566

0 0.5533117932148627 0.6199575371549894 0.45718901453958 0.47983014861995754

0 0.3450479233226837 0.4340659340659341 0.47603833865814693 0.6043956043956044

0 0.6045380875202593 0.435969868173258 0.14910858995137763 0.1111111111111111

0 0.4774557165861514 0.559322033898305 0.7101449275362319 0.8700564971751412

0 0.5271565495207667 0.5950639853747715 0.36741214057507987 0.45521023765996343

0 0.3736749116607774 0.24186991869918703 0.25618374558303886 0.21951219512195125

0 0.41373801916932906 0.6217948717948718 0.4536741214057508 0.48534798534798534

0 0.38870703764320785 0.7306967984934086 0.7119476268412439 0.5386064030131826

0 0.70949263502455 0.27169811320754716 0.2700490998363339 0.44150943396226416

0 0.4121405750798722 0.7888482632541134 0.5431309904153354 0.42230347349177333

0 0.4991961414790997 0.499054820415879 0.9983922829581994 0.998109640831758

0 0.35473515248796145 0.7381852551984878 0.449438202247191 0.4820415879017013

0 0.5125000000000001 0.25260416666666663 0.24722222222222223 0.14756944444444445

0 0.4359375 0.5485074626865671 0.17708333333333334 0.3264925373134328

0 0.6048611111111112 0.8098958333333333 0.2013888888888889 0.27604166666666663

